30.0611324                           
31.4981002                            
30.0611324                           
31.4981002                            
30.0611324                           
31.4981002                           
30.0611324                           
31.4981002                            
30.0611324                           
31.4981002                            
30.0611324                           
31.4981002                            
30.0611324                         
31.4981002                            
30.0611324                           
31.4981002                            
30.0611324                           
31.4981002                            
30.0611324                           
31.4981002                            
30.0611324                           
31.4980831                            
30.0611324                           
31.4980831                            
30.0611324                           
31.4980831                            
30.0611495                           
31.4980831                            
30.0611495                           
31.4980831                            
30.0611495                         
31.4980831                            
30.0611495                          
31.4980831                            
30.0611495                           
31.4980831                            
30.0611495                         
31.4980659                            
30.0611495                           
31.4980659                            
30.0611495                           
31.4980831                            
30.0611495                           
31.4980831                            
30.0618667                           
31.4978332                            
30.0618667                           
31.4978332                            
30.0618667                         
31.4978332                            
30.0618667                           
31.4978332                            
30.0618667                           
31.4978332                            
30.0618495                           
31.4978332                            
30.0618495                           
31.4978332                            
30.0618495                           
31.4978332                            
30.0618495                           
31.4978332                            
30.0618495                           
31.4978332                           
30.0618495                           
31.4978332                            
30.0618495                        
31.4978332                           
30.0618324                           
31.4978332                            
30.0618324                           
31.4978332                            
30.0618324                           
31.4978332                            
30.0618324                           
31.4978332                          
30.0618324                           
31.4978332                            
30.0618324                           
31.4978332                            
30.0618324                           
31.4978332                            
30.0618324                           
31.4978332                            
30.0618324                         
31.4978332                            
30.0618495                           
31.4978332                            
30.0618495                           
31.4978332                            
30.0618324                           
31.4978332                            
30.0618324                           
31.4978332                            
30.0618324                           
31.4978332                            
30.0618324                           
31.4978332                            
30.0618324                           
31.4978332                            
30.0618324                           
31.4978332                            
30.0618324                        
31.4978332                            
30.0618324                         
31.4978332                            
30.0618324                           
31.4978332                            
30.0618324                           
31.4978332                            
30.0618171                           
31.4978332                            
30.0618171                           
31.4978332                            
30.0618171                           
31.4978332                            
30.0618171                           
31.4978332                            
30.0618171                           
31.4978332                            
30.0618171                         
31.497816                           
30.0618324                           
31.497816                           
30.0618324                          
31.497816                           
30.0618324                           
31.497816                           
30.0618324                           
31.497816                           
30.0618324                          
31.497816                          
30.0618324                          
31.497816                           
30.0618324                           
31.497816                           
30.0618495                           
31.497816                           
30.0618495                           
31.497816                           
30.0618495                           
31.497816                           
30.0618495                           
31.497816                           
30.0618324                           
31.497816                           
30.0618324                           
31.497816                           
30.0618324                           
31.497816                           
30.0618324                           
31.497816                          
30.0618324                         
31.497816                           
30.0618324                           
31.497816                           
30.0618324                           
31.497816                           
30.0618324                           
31.497816                           
30.0618324                          
31.497816                           
30.0618324                           
31.497816                          
30.0618324                           
31.497816                           
30.0618324                           
31.497816                           
30.0618324                           
31.497816                           
30.0618324                           
31.497816                           
30.0618324                           
31.497816                           
30.0618324                          
31.497816                           
30.0618171                           
31.497816                           
30.0618171                           
31.497816                           
30.0618171                           
31.497816                           
30.0618171                           
31.497816                           
30.0618171                          
31.497816                           
30.0618171                           
31.497816                           
30.0618171                           
31.497816                           
30.0618                      
31.4978008                            
30.0618                        
31.4978008                            
30.0618                        
31.4978008                            
30.0618                       
31.4978008                            
30.0618                        
31.4978008                           
30.0618                        
31.4978008                            
30.0617828                           
31.4978008                            
30.0617828                           
31.4977836                            
30.0617828                           
31.4978008                            
30.0618                        
31.4977836                            
30.0617828                           
31.4977836                            
30.0618                        
31.4978008                            
30.0618                        
31.4978008                            
30.0618                        
31.4978008                            
30.0618                        
31.4978008                            
30.0618                        
31.4978008                            
30.0617828                           
31.4978008                            
30.0617828                           
31.4978008                            
30.0617828                           
31.4978008                            
30.0617828                           
31.4978008                            
30.0617828                           
31.4978008                            
30.0617828                           
31.4978008                            
30.0617828                           
31.4978008                            
30.0617828                           
31.4978008                            
30.0617828                           
31.4978008                            
30.0617828                           
31.4978008                            
30.0617828                           
31.4978008                            
30.0617828                           
31.4978008                            
30.0617828                          
31.4978008    
30.0617828
31.4978008
30.0617828
31.4978008
30.0617828
31.4978008
30.0617828
31.4978008
30.0617828
31.4978008
30.0618
31.4978008
